0.5790026691078658,0.6909868355531018,1
-0.5907480733283574,0.1534830074236419,2
-0.5441451997492297,-0.06578498385314081,2
-0.10654151330561872,0.36291252540412977,2
0.23234171760625374,-0.05270779135751307,2
-0.015806149421365292,-0.2841759600515822,2
-0.2642158580840592,0.3986382004859251,2
-0.521446254041032,0.4026910376106087,2
0.6305274009487807,0.6367493017309116,1
-0.4094062971041379,-0.521082830081564,2
-0.033226709512207506,0.605592774113273,1
-0.4412411239011093,0.7175081696396122,2
0.9547191562412992,0.15240564046538474,1
0.31256486577205983,0.05659963233084922,1
0.29915363855250215,0.39233422708001514,1
-0.33261745762402944,-0.5810050593963694,2
-0.5825507408197766,0.2941274668731241,2
-0.18662709820263063,-0.19954168080997314,2
-0.8946312194020103,-0.417343272180809,2
0.34001705835660934,0.1604431847302826,1
-0.46633901178164605,0.2996318719348922,2
-0.21216124693335742,-0.10934035008427373,2
-0.09057679976459494,0.7133023792746348,1
-0.4403880398894185,0.4247260428710976,2
-0.21134624946328748,0.2725418238005081,2
0.19562184759804307,0.5598440914539942,1
0.7340717699607876,-0.5596410381365872,2
-0.29574071664615786,-0.5570538397548196,2
0.7191903735203317,0.5778185539984055,1
0.48680413706307335,0.0651173793207121,1
0.07164560500688195,0.12401609064334816,2
0.1901665015359509,-0.013185989325029327,2
-0.888979677282222,-0.24337525880090272,2
-0.42231718202632296,-0.39828839147307954,2
-0.06599708045899111,0.08998599423702021,2
-0.11628293355673974,0.2561598163875579,2
-0.2665215417778135,0.1478696165264974,2
-0.26808744839015347,-0.0013958411335000006,2
-0.17436083838227878,-0.6679920759397242,2
-0.4381168623006897,-0.09103711848303392,2
-0.6350414441666213,0.6191788459800008,2
-0.2616334240283846,0.6697664159269967,1
0.8584370847722741,-0.28908524515947526,1
0.6243361449445607,0.40334261923851555,1
-0.47179050798075445,-0.5436703588167285,2
0.03187148282876652,0.740067848538622,1
0.01710031971673082,0.6287360209074918,1
-0.05241072916701261,-0.0779258573627506,2
0.4444303338743548,0.17482633539597583,1
-0.11763172021577162,0.002355098057497549,2
-0.06900060104550061,-0.27749681634348083,2
0.11969599056214068,-0.32862691576340575,2
-0.191922082302429,0.3630244195580911,2
-0.2813165694176801,-0.0736179590083015,2
-0.9596460897128624,0.07700947332734659,2
0.17628792686246536,0.7690635405726751,1
-0.14901835379838327,-0.7848698200666556,2
0.9035771700842015,0.11719817518136076,1
-0.031804839400489615,0.24465046597516596,2
0.15765681765974254,-0.1515647595046465,2
0.8034279229095719,0.05231183886852517,1
-0.7504844348594308,0.45931804869445675,2
0.6167752864747387,-0.0590718036167851,1
0.2244028837973757,-0.1891931382926927,2
-0.3373017439420276,0.7720271716354573,1
0.1304926897543943,-0.9426047565366827,2
-0.4308552641194898,-0.16239085911659285,2
0.13125119542348757,-0.4628024454549668,2
0.3308524302347354,-0.4135341335464449,2
-0.009796731668067774,-0.36476522596214833,2
-0.23781437632532962,-0.026958626321694032,2
0.2496079111324603,-0.1497075489535159,2
0.03522576684579791,0.16343884403221193,2
0.04266228956181229,-0.021837227251190645,2
0.08351797371198239,-0.10042165869066656,2
0.022618355740580173,0.10046434458790471,2
0.3510860656547667,0.09512731307605377,1
0.31104845802292186,-0.20033173272453642,2
0.7902070864930961,0.24074684143702416,1
0.4299760095317443,0.5871047660477752,1
-0.008937663729126893,-0.015027608193406875,2
0.6357750710267572,-0.6868214404256352,2
-0.17556695519847665,0.09687402607795594,2
-0.026519949391391212,-0.054744832929400626,2
0.24924113098608103,-0.029542337133309178,2
0.04055300465616472,0.5959265720359495,1
0.01057101799067387,0.013473290194104752,2
-0.4039158217880658,0.6367602664318279,2
-0.6275652473530083,0.12417506877878731,2
-0.1212715211025725,-0.24752274493580043,2
-0.020201289431115325,-0.24940593026993388,2
0.02691160168946757,0.35873865055995824,1
0.42643083499941786,-0.49944367801039546,2
0.006031665014385745,0.35501582103622575,1
-0.10784123757497606,-0.5118244358782511,2
0.28843935360461664,0.7409802709615062,1
-0.14669293075973075,0.15559832097827309,2
-0.021131530214458606,0.14027073907078025,2
-0.1461892952200273,0.9617400352742824,1
-0.8908270250002756,0.42603236266153943,2
-0.1060783119019378,0.017229346940775617,2
-0.23461211793687448,-0.3904585961171773,2
-0.10187889577369516,0.04569767651579643,2
-0.2882002686363775,0.09445865397232217,2
-0.5197293101482309,-0.509556424901529,2
-0.23059578893357582,0.7531682762304608,1
0.1206539538246223,-0.9084051986976853,2
0.20587150963226197,-0.11581276991890975,2
-0.38234775146953554,0.6241132368388607,2
-0.06695866569306785,0.0014238826666414929,2
-0.3890101749428483,-0.38993416553620597,2
0.07593850058904403,-0.6710087446951533,2
-0.022633538375351665,0.10270364018651684,2
-0.3399634662500209,0.14883706539750585,2
0.11204385630590298,-0.8688101448012037,2
-0.17842833615720644,0.1829694008913385,2
0.3900314296151899,0.14490664185208557,1
0.09798798277616026,-0.3207731635891727,2
0.09538338333912774,-0.7282137955602934,2
0.3418021437458475,-0.2181250906039506,2
-0.17189492799960396,-0.8025387912635505,2
0.5015124598335114,0.7553074562546991,1
-0.5802990094651258,-0.02153903921712754,2
-0.20181963511296158,0.5526706810119691,1
0.589130364072944,0.6168643552429117,1
-0.5875247301144311,-0.505137474402668,2
-0.3613648858981466,-0.28892212819368784,2
-0.21856491318670512,0.22366494072370857,2
-0.23958272914598014,-0.2753907923008329,2
-0.4972946445165956,-0.04344339246388873,2
0.6927526441561914,-0.2647846573792724,1
0.15604777086517507,-0.48078290910718297,2
-0.6700340919990445,-0.5629211172983283,2
-0.05631582753594862,-0.03945598562930965,2
-0.12023790077402083,0.0937767054540518,2
-0.33416323057459935,-0.7309790056970455,2
0.9448798908424416,-0.04773193907466633,1
0.17078162719691736,-0.16448200088311576,2
0.12985029418791086,-0.4506158235062868,2
0.46555027032987806,0.09953054532340347,1
-0.3109817742112712,-0.625150184668388,2
0.32965488382464087,-0.02453692793843945,2
-0.0009425470483762966,-0.03476500386978295,2
0.12729613793910016,0.3260343114106382,1
-0.10082883533601109,-0.1196137386108467,2
-0.6856583646278682,0.2979066508594669,2
0.25421705860544536,-0.17471414444455266,2
0.0904196078361181,-0.2365311399690702,2
0.6169618699017083,-0.09988780823975266,1
-0.7112711753280492,0.4248684476003894,2
-0.6680622323142712,-0.3681638380311608,2
0.14185046646773827,-0.015482636399618494,2
-0.2572061551456466,0.5032745953373402,2
0.29240297070258625,0.04996695928795413,2
0.5208533051798959,-0.5690308067143963,2
0.008356955752906955,0.4175031461509835,1
-0.17311355507136572,-0.4063397610979539,2
0.6137368164253864,0.053455585669686216,1
0.16689431280520234,0.7662817638998293,1
0.16664207898721384,-0.6244280736394653,2
0.9289896270407276,-0.1146669363127225,1
-0.30901195635237766,0.4296962327837108,2
0.3642658859212834,0.14948929967448893,1
-0.699631373326097,-0.4115307688713535,2
-0.3918319851426282,-0.7465207160307363,2
-0.7230793296482426,-0.3842136945207144,2
0.5289500999635962,-0.06633351007817297,1
-0.427626214696075,-0.4023111871431846,2
-0.030216577698353148,-0.5075872009216068,2
0.22550939646807303,-0.7527218970360476,2
0.5803678567687792,0.08633843387774705,1
-0.47595497882412435,-0.17337787188157708,2
0.24539832681688525,0.45551152950995283,1
-0.8328585974724616,0.4029598981920464,2
-0.14647791086956605,0.2142158397176972,2
-0.08509884940448648,0.10114085720115941,2
-0.6902395086940017,0.5280398494129668,2
-0.8693921317861247,0.3253679944490005,2
-0.49800149231354096,-0.45359603381490554,2
-0.06819920861679268,0.14673814734272173,2
-0.4120837596386472,0.2261365828158674,2
-0.05439414100887595,0.02952421140807406,2
-0.970431820952452,0.1434666618368168,2
0.08872783638085367,-0.03722694894165251,2
-0.013633373810534487,0.0005868178611663667,2
-0.8574424884316613,-0.3434420301323647,2
0.5872962416632025,0.20261767737186445,1
0.2562864027032045,0.6558672300448263,1
0.4147797730839184,-0.3782248107273862,2
0.005956905259812955,-0.008329865389589729,2
0.7182269603578195,0.35692401662453815,1
-0.23774853819426278,0.40457677793852453,2
0.053631679902046404,0.013644126056461143,2
0.20739025773971953,0.16489399808185254,1
0.9884188564636969,0.12591836192726097,1
0.3453280572865945,-0.010795353352851212,2
-0.4207238014327773,-0.8193377563008524,2
-0.5245592521708754,0.41604434475136987,2
-0.16719018120746387,0.10130653256027031,2
-0.5188839976423203,-0.8060431716631181,2
0.261585928833224,-0.05277997295411103,2
0.15585846662022684,-0.07681785541735728,2
0.041722818223060544,-0.05391740784293871,2
0.10186483186415565,0.0021827001975094893,2
-0.280691040894996,0.06286768575565638,2
-0.047016630154379624,0.5393086838332278,1
0.11608990812511039,0.47884465499570583,1
-0.07532066360863612,0.00020773202370038868,2
-0.6879938511735508,0.47232413172841736,2
-0.08156893993029017,-0.37401710747888445,2
-0.5386665313138523,0.17245100639991295,2
0.21377574170933736,-0.2015165190402821,2
0.4524826056868885,-0.18105023297342537,2
0.5855407881850324,-0.16704975935349922,1
-0.6108186464525724,0.3534574237656871,2
0.3714096127050799,0.2249198852088195,1
0.6384971044692488,0.19350113019920273,1
-0.6801649370971449,0.5237334275901517,2
-0.24507408666712402,0.1871263371660275,2
-0.02005089424139587,0.0068339260772965135,2
-0.30354829977780956,0.41466319196830426,2
0.6052638605863219,-0.048972273601295906,1
-0.25618488331522943,-0.5615092799846834,2
-0.3421178049964302,0.16977428013067236,2
-0.10972291464618862,-0.24539175417710044,2
-0.01421924881427945,-0.5019556363452778,2
-0.08192591690130903,-0.08388982663880776,2
-0.976021808301326,-0.15072438756861006,2
0.5910440136726078,-0.786386679517875,2
-0.5827537779793435,0.7269610843884702,2
0.6014541216310048,-0.15099222829800024,1
-0.6656540748351265,0.05495845911803054,2
0.0030071019303221985,0.22322050264562793,2
-0.20563379459466963,0.15957044967962633,2
-0.11584581566218463,0.3437244266698959,2
-0.2357209368300369,0.10366619475894566,2
-0.03835085428961972,0.0456411188324273,2
0.21018208051253415,0.4904534991675615,1
-0.03578357559337371,0.7915925186585826,1
0.028955576630290504,-0.8587361040795917,2
-0.29106538360200057,0.3001337792477894,2
0.4337105604395722,0.6293922632687643,1
0.7296908304732144,0.18669428523156925,1
0.006865798889086673,-0.023041822966850988,2
-0.3209606210711157,0.09073801827690237,2
-0.9724036798746549,-0.18897975087759084,2
0.8206985668590092,0.2321436518176672,1
0.7446446187733915,0.4588113901079106,1
-0.21072721215306248,0.05040814493083054,2
0.5004335330254487,0.4177003627274705,1
-0.13346571847915897,0.9647544754918398,1
0.04181332899498116,-0.3222657285970706,2
-0.19042873579532943,0.01819227209297206,2
0.10031286127362725,0.1521854446402008,2
-0.025502565465635316,-0.005565240554644457,2
-0.2766347628988662,0.2391392611363177,2
-0.5061378728873961,-0.4806184891022996,2
0.07578189019479234,-0.039492266722713526,2
-0.4780840839072257,0.6412102308666443,2
0.7923533242454258,0.4864411447108336,1
-0.28827730713523797,0.4790495753268705,2
-0.07019364328970307,-0.056534730491155226,2
-0.0006302049072342481,0.06408408568446668,2
0.45474880506783116,-0.2367768443763442,2
0.41753591767455633,-0.31170550784852,2
0.054203956308130796,0.0458482557863783,2
-0.33779149184061585,0.8248571620986069,1
0.37539468976899304,-0.6385268838888223,2
0.3617674070720999,0.22986270196701097,1
0.776465043941379,0.4751165254722041,1
0.016856456235816407,0.009533224304784146,2
0.02340168902326665,0.6518611524654337,1
-0.6443218312387455,0.26888691544030857,2
-0.2519157214962186,0.6205897007598907,1
0.033971972669090016,-0.13840147127109717,2
0.44705594394120257,0.7125535694858819,1
0.43003459807468986,-0.5748742116699406,2
-0.31486613499066335,-0.287967966859259,2
0.2399400046838728,-0.20003991596385065,2
0.1694691885430239,-0.37437443470556797,2
0.030791790010259928,-0.07051524336417772,2
-0.32764434742963366,-0.6073155423591051,2
0.35163670215821385,-0.10329449261972866,2
-0.576049138898237,-0.02208705694907255,2
0.11234253609282671,0.26225386246317944,1
-0.05687150964593106,0.035121160443377035,2
-0.5922645746341358,-0.7727959458310559,2
-0.22448048867297304,0.17373181071722463,2
0.40864195075098575,-0.7914884752932743,2
0.8794100430792238,0.174533461971512,1
-0.8759878512780646,-0.260409842835913,2
0.021998544440319144,-0.6939947750473034,2
0.7115331151309936,-0.3331489041453831,1
-0.7685810740863351,0.3951712886059772,2
0.2931782059505758,0.5616357994743232,1
0.07415730263251522,0.09029987031680188,2
-0.6968545797618096,-0.33397682984493465,2
0.39839597950600214,-0.0604564902057582,2
0.42656169342941397,-0.8072085911223162,2
-0.13300596439877246,-0.06956718460549725,2
-0.5133413285179539,-0.39931103287490055,2
0.16734163739519672,0.43960396535310986,1
-0.38460081382633293,-0.8334377009784554,2
0.16636364403104698,0.2668099893966847,1
-0.501466849459539,-0.2381140789438943,2
0.3065928164631294,-0.48456865517754105,2
0.248412100440921,0.12882921967755925,1
0.7048915953017056,0.05058725529322925,1
0.22865722659752602,0.25264146656641767,1
-0.019871776947301373,-0.23467860205451882,2
0.44590758768033784,0.5788643103526246,1
-0.13793576642542857,0.3593134580108909,2
0.39947187634141995,0.8552357006691987,1
-0.25069467809698126,0.282790964862951,2
-0.459764342839198,-0.11140332265192375,2
-0.024429050220262094,-0.4302802221378761,2
0.7238032520512652,-0.19987067147426493,1
0.8159842917627907,-0.24455927998309773,1
0.5426736568481482,-0.027675612625424503,1
0.03508870033543026,-0.01754852206806693,2
-0.10761366228061874,0.017919078067313767,2
0.7377609899508939,-0.08900159323321563,1
-0.5974393330255428,-0.7054504586946452,2
-0.013363621150206806,-0.10394952734351105,2
-0.03592789531334921,-0.6786056016026386,2
-0.20455022853724225,-0.21665036955989384,2
0.07453014518291635,-0.1239694244427578,2
0.17699486853923332,0.7118175268271107,1
-0.0539311089867747,-0.3115164283750742,2
0.27892472413887776,0.3601677973396643,1
0.04126042542652012,0.0095035901029894,2
-0.5229509909618882,0.12642336808108234,2
-0.4866236017498502,-0.8189279929519115,2
-0.5611370013198714,-0.0028705644722171442,2
0.04445394626712336,-0.9048176088564643,2
0.09404785562905332,-0.21050620643709522,2
0.44678262268606855,0.591613107148977,1
-0.10979686530341018,0.11128741657497074,2
-0.003356659431035865,-0.16511354121841187,2
0.9506168076158941,-0.3074315195031469,1
-0.06629222243940956,-0.013697962135759762,2
0.5516340960429245,0.3462922206705306,1
0.3981149100670041,0.32237021085865214,1
-0.2722451022814375,-0.7136143138704739,2
-0.6832843832165492,-0.17546329770656535,2
0.27213358933392684,-0.8462651130804927,2
-0.4085505788530774,0.7749808510869434,1
-0.3001245266569219,-0.11422334595803603,2
0.19751585567813507,0.031285883647013304,2
-0.23855472581863243,-0.08113889346546273,2
-0.529046760404642,-0.4896663225792631,2
-0.0399407220603757,0.9633683146325996,1
-0.5506362351425717,0.13164547232742974,2
-0.42298547905975187,-0.16727558255415018,2
-0.27006828696358626,-0.949491520951107,2
-0.32980526537400684,-0.17805360869378684,2
0.453396060852555,-0.5721719967875571,2
-0.27699953193260385,0.7038624199005484,1
0.48422305820215644,-0.5218412840448076,2
-0.3605695670372458,-0.03876048900425019,2
0.4505086352335155,-0.10281801099075866,2
0.092077714881108,0.00869000328316542,2
0.6267224600900867,-0.13695050099000397,1
-0.0006296764168411193,0.021496556942151912,2
0.30031555941719273,-0.5426820925572878,2
-0.6698624555702423,0.5629389957158352,2
-0.006908431600035853,-0.19254049165185413,2
0.2704535314787222,-0.5529106519960588,2
0.41481738206577995,-0.35831935859873376,2
-0.28060087293420316,0.00913158199998161,2
0.06852111906843739,0.03442288218414461,2
0.012204351716354771,-0.004007835729618885,2
0.34830368510526905,-0.8330053052702456,2
0.6887536362266248,0.12577144116902222,1
-0.24558797368094373,-0.17867598111062546,2
0.0451521240284622,-0.1207669887185837,2
-0.23170979532774752,0.13118203492388142,2
-0.06270992756029274,0.02531178710441603,2
0.12998238557533945,-0.22032770871641524,2
-0.015461903933345202,0.37633326379742954,1
0.03275948674302805,-0.004292010313999705,2
-0.34960399402087927,0.15702439850306865,2
0.1351134071501571,-0.2857608741814738,2
-0.8832807156508223,-0.0795305275752518,2
-0.4117739980683673,-0.009814579415058726,2
0.20440563047007906,0.3706856379700168,1
0.7045365025938642,-0.4471216557301679,2
0.4606817711512769,-0.18958160871837357,2
0.14979668632676071,0.010366731291862127,2
0.27340351754030695,0.034752840742182475,2
-0.405328999196397,0.7163407491795135,2
0.40713964296423605,0.25139355917414924,1
-0.4498622774127055,0.18496884523691481,2
0.30887745003777534,-0.3794538938055681,2
0.29857093205278845,-0.09826180687999048,2
0.07722502039541627,-0.12592174102653586,2
0.1667694383930165,-0.16117997415636162,2
0.4361170748204542,-0.37175024636810905,2
-0.6127692485240633,-0.12195880453475536,2
-0.09663367371934999,-0.097498990206687,2
0.8957352426945814,-0.28690934331853,1
-0.5008762693108216,-0.10709200593169461,2
0.31862118951546187,-0.08160465502953806,2
-0.831753343494606,0.48445586104156046,2
-0.9446920159047337,0.26614653952770584,2
-0.5087060473098898,0.6269518184555333,2
-0.17438777890976806,0.7091204883087662,1
-0.022247975778352122,0.02646837140920767,2
-0.8548271778269122,0.3346195587220009,2
0.4304120197389879,-0.04933500070832372,1
0.06689286979957422,0.03162743996007542,2
0.5821685654612696,-0.6269250329669649,2
0.012043814925398003,-0.8137160976346592,2
0.8115226056721543,-0.2692659020949415,1
-0.11965213785215276,-0.11492372301787201,2
-0.27382693717068,0.1628826470505532,2
-0.07942698482301642,-0.04979361370478085,2
-0.007736538290854807,0.004090222381279521,2
0.008089989816290128,-0.11051916029085004,2
0.6615899511162854,-0.060364619197266815,1
0.2798241229122288,0.06899340970169371,2
-0.07121410675250699,-0.05027954130837079,2
-0.3560147665267536,-0.4893991080916955,2
-0.6015112817055545,0.08156219350493178,2
-0.2520702835014333,0.3215265500731632,2
-0.41972220929465776,0.22759081293230063,2
0.2513108609481196,-0.07709787345985974,2
-0.5787189837147286,0.10878183478191825,2
-0.11732288941346133,0.18466174930765084,2
-0.8242277888871162,-0.23600853922927018,2
0.38258758595662923,0.26600756044873014,1
0.3419679160625187,0.2546895875188649,1
0.2401631281375298,-0.4918198089077397,2
-0.05118862248981213,-0.15806039365910282,2
0.40126024854273334,0.4772993830471052,1
-0.83340539539621,0.30757317555892605,2
-0.12569028078476324,0.16024014413139495,2
0.5717908976401433,-0.1291203836767764,1
0.6479637154432071,0.5890696882610268,1
-0.00038717178019253765,-0.37234108921665393,2
-0.20372104805594607,0.42673304840439424,2
-0.3779140375377529,0.3761705540676887,2
0.43906908005670375,-0.15623837968128076,2
0.5600723230188855,0.4268255962733715,1
0.7910879643494898,-0.363227381655337,1
-0.26625936846723997,0.584023285682114,2
0.02775972252716668,-0.9350429591621492,2
0.6287510366446751,-0.6316411474883973,2
0.46455659020535545,-0.5322218077599196,2
-0.03414417946356919,0.19581380782262703,2
0.05391438897825476,-0.3083637741404425,2
0.3162396619309927,0.8458132067441158,1
0.1562730862792864,-0.08950410347896733,2
0.03448326549848497,-0.07598381018727941,2
0.23754709275146627,0.4264392754997427,1
0.2606427125090937,-0.7283822982363093,2
-0.041173106580156965,0.7940873703487357,1
-0.22103755330385397,0.32421865268781375,2
-0.04304144589606952,-0.5254838600601458,2
0.40807202685589505,-0.7397464488708575,2
-0.07829814328619501,0.33255052075307584,2
0.1589136005508941,0.7040477020253469,1
-0.04205778536928728,-0.03414971863961489,2
-0.058701866926135354,0.4267484582353745,1
-0.0690635266073762,0.12282474647801907,2
-0.0793228930414422,-0.02401100436754281,2
0.7883789789549959,0.40992697697000846,1
0.47816451963339673,-0.3933229727977091,2
-0.4146364166863535,0.03195349876151519,2
-0.6062114314811095,0.1064882459910323,2
0.28195717906814316,-0.5478478288126949,2
0.15222416424680368,-0.5641917981915568,2
0.007273626613953674,-0.1950523075110796,2
-0.11062691202007954,0.16565038928136602,2
0.04786195388913843,0.07116905292303127,2
0.13405706179080515,-0.20250747898848495,2
0.09028257018578303,-0.5490590817753682,2
-0.6944619762213741,0.46077986109611185,2
-0.46190074814839704,0.6285561551696203,2
0.16816146279487953,0.95994496275994,1
0.07776489883562082,-0.6115314455977756,2
-0.004578118259037294,-0.362530466374574,2
-0.003595481113251497,0.586830696359107,1
-0.6966479226144889,-0.270024254063047,2
-0.10422151526446741,0.5238245639521473,1
0.044973495636559405,-0.806258655414301,2
0.1025330079665619,-0.5396220816100975,2
-0.17473386165630642,0.26485900318079464,2
0.03238010440585371,-0.9660078833529664,2
-0.8787626797712433,0.3304227846239417,2
-0.0348634693080167,-0.043457447868670285,2
-0.6332017537716516,-0.3885029618330415,2
0.07947043815744075,0.4492306107660274,1
0.5553827659041968,-0.3031739440329829,2
0.5991014674048405,0.4929852829999635,1
0.3051628445219187,-0.7370111774481418,2
0.0031688117456130454,0.0017021260155388365,2
-0.5687558565535185,0.48995006850589434,2
-0.11568122207311342,-0.1220972252997933,2
0.21611471013160902,-0.11698132813223316,2
-0.7492684983270068,0.6430395612378997,2
-0.13587722354534804,-0.4615241730890544,2
-0.0939403908051314,0.41153135967416343,2
-0.035187243616997745,-0.33719103105994247,2
-0.16983690497676487,-0.6445250584608235,2
-0.1605914140818268,0.10599623015508912,2
-0.043861698825445335,-0.6029748343349631,2
-0.20340154499391802,0.657074062465171,1
-0.0022715112336671637,-0.5798822656537627,2
-0.2104521233218821,0.14254600985608237,2
0.528753405779529,0.8224962546523003,1
-0.1580290429207608,-0.8601071177040055,2
0.06092509962212244,0.4525720849778378,1
0.06863096743969481,0.45162386250108527,1
0.09696304662499503,0.0662025336435284,2
0.8020986762803378,0.02915000595721613,1
0.08676931499423646,0.07063538628685778,2
0.32384150839727227,-0.4294178276779099,2
0.3326591603578121,0.21920176415440795,1
-0.09247990634774832,0.03689914382139251,2
0.01310158133258733,0.0011240372073112895,2
0.11986789033356292,0.1883357408443644,2
-0.18458934829741286,-0.7068830233613665,2
0.10339535484440061,-0.006174054501891287,2
0.04886661501774943,0.11334538975284024,2
0.036682454538439546,0.16354581115406913,2
-0.44628081519815166,0.40396755387571237,2
0.32312091579702673,0.11721915454442161,1
0.7505322110141731,-0.2516020080138831,1
-0.03691906782101726,0.0662876839333382,2
-0.2606300760437053,-0.2716758896921139,2
-0.08036131550671881,0.2917818409188887,2
0.13414668903684981,0.12692087333485014,2
-0.42886628917708874,0.13902946069574668,2
0.4174419534829939,0.3748961693694182,1
0.17141970797428258,0.040709928010912944,2
0.2540606862172391,-0.4586389467961364,2
-0.007983468289811675,0.022787775605838407,2
-0.8346515664686177,-0.3907406476031915,2
-0.2400817869298588,0.7811037180731767,1
-0.2794064976796153,0.021536595900004833,2
-0.24159851276084413,-0.6083720341956644,2
-0.7289689017128059,-0.03930325318251475,2
0.5341927112058754,-0.7390102142733261,2
-0.06217096937030006,-0.0076622082173181194,2
-0.32034441850948864,0.30079452757396913,2
0.6116971363588051,0.29368547805863254,1
-0.42340494822495034,-0.7185191482820329,2
-0.007405970596619632,-0.3902069559664151,2
-0.8429696975422657,-0.4257768189750824,2
0.5095106461977482,0.6511382664529998,1
0.1318670679755157,0.09009864637717453,2
-0.6015490487114525,0.26960955044729057,2
-0.1757114790355773,0.378899475463438,2
0.04267625926257807,-0.03168262688156578,2
0.5756358338891137,-0.018475725548861996,1
-0.29817198197199296,0.777900013538272,1
-0.3504776406408913,0.4175043672057287,2
0.48237430721091407,0.5621240930361932,1
-0.22702669512203877,-0.2783442063128203,2
-0.07696663609769284,0.006814232477954022,2
0.8270170735354115,-0.003573047293595305,1
0.3231472481349147,-0.8492779917645363,2
0.14688063100723087,0.41734137201001265,1
-0.39285284106269003,0.5889779001049704,2
-0.05591765831168212,0.3655111588244444,2
0.10500730601946497,-0.018451365176997376,2
0.40089388198816467,0.5570886550546914,1
0.6853666151127996,-0.48181132071235255,2
0.45671160497968577,0.2312967461080896,1
-0.06509881808120253,-0.2685307692410505,2
0.09445611701151932,-0.6573275039953378,2
0.42872072930484184,0.24591569114778547,1
0.02764357048063959,-0.053282020890626274,2
0.27771732641201136,0.5486946778520199,1
0.15785941428357703,0.16290610918127765,2
-0.3091741791337681,0.1332050973773713,2
-0.019946658501868903,0.02072094374110103,2
0.006324569544689,-0.012658378734513922,2
-0.3099911026635447,0.9412524779700633,1
0.009369708492863806,-0.270540079119242,2
0.1992153154899789,0.42366953619542075,1
-0.4866008862377625,0.7028496276787337,2
0.043790174824770225,0.04539192367459894,2
0.5899377388880628,-0.6213464434409234,2
0.2352215899601516,0.2966100146858488,1
-0.3038281164355034,0.24347683652203428,2
-0.7197142097455042,0.35730202469625894,2
0.7032361065165595,-0.3469257883518621,1
-0.2783642561544039,-0.3418295803747337,2
0.5131012624535671,0.06388947678910645,1
-0.08636730959732451,-0.10524909409284318,2
0.022262844346503656,-0.014182149440334836,2
0.5328034851371267,0.679578902653694,1
0.03860848547954418,-0.10823874534748402,2
-0.058540789011788746,-0.1919683454342167,2
0.46462576041566045,0.2993796164023637,1
0.27525321656873214,-0.8739266504691362,2
0.0702278394567755,0.09357186857810067,2
-0.08115965830106842,0.010953226252965522,2
0.6524827850376514,-0.05631545371415788,1
0.2691392442080007,0.7352849074449245,1
-0.8981801524432098,-0.11970741290668817,2
-0.6016193523133395,0.21560425534031397,2
-0.447237326246707,0.36276428458964866,2
-0.2929151142485053,-0.14184492980889565,2
0.36429221922417543,0.3751306980689387,1
0.6327985020107944,0.6562010290219109,1
0.324823485313383,-0.4182915777403257,2
-0.9930389747007355,-0.0720820790897644,2
0.21341970828101092,0.7966057462673249,1
0.012933361850032495,-0.19978738921482594,2
-0.09512832483768367,-0.37071283941497263,2
-0.07545068369467389,0.049092775690154224,2
0.16893526898628458,0.16314211330454625,2
-0.16626616724326773,0.14356457910039377,2
-0.04843195474469349,-0.07022136218180614,2
-0.6641005788923056,-0.378667652129611,2
-0.5316353311997588,0.6078392813251127,2
0.26368938869569986,0.2338814537066336,1
0.10491456595370362,-0.19028494345428726,2
-0.6193290785414639,-0.4304168134436653,2
-0.3221882683239164,-0.5711477129874153,2
-0.30431327004815584,0.08758340380632676,2
-0.1579688149865433,-0.09395731382648778,2
0.013333716171832195,-7.607749874913486e-05,2
-0.6420988093444948,-0.34122004710901954,2
0.7622132720627921,-0.49148840149796913,2
0.2919490576311518,-0.06739501984641164,2
0.012614706256425669,0.032070208939750024,2
0.055886645665682126,-0.001336076928908955,2
0.053662905481918995,-0.30561721790884316,2
0.5570350652669754,0.2505650579040681,1
-0.3275349528385495,-0.07861845185729222,2
0.4903979865474176,0.5673564258049177,1
0.2589269392745269,-0.33841308382151986,2
-0.34300805805148504,0.1264026551823022,2
0.23669904707691172,-0.9275859687920622,2
-0.02818205971442114,0.08197131766012,2
-0.10222449153208751,-0.001387353883957924,2
-0.4198778927092123,0.6050207729420243,2
0.013085792663782377,0.04398083417989501,2
0.7085652063112966,0.4469213915383214,1
-0.21824971075218064,0.037689193638672944,2
-0.6317312576926781,0.6194746160489244,2
0.014167505617496147,0.019283250019519207,2
0.6048261586109072,-0.26294862706279104,2
-0.7147001744217041,0.17788470266688264,2
-0.1781014361431538,-0.3749754633783074,2
0.8050290850584948,0.30375536577432516,1
-0.17655743575125316,0.09755556948397051,2
-0.33996374496661325,0.49830945343863026,2
-0.10716678526120958,0.11344952432264983,2
-0.5419382174717225,-0.20375257453113407,2
0.8344687836081026,0.43924657632428965,1
0.5876372995412581,0.24804541810437258,1
0.28886855787056015,-0.4548389111233922,2
0.7208096346773365,0.4618860411190638,1
-0.35490176364813086,0.06020766288300223,2
-0.3331177973004195,-0.8853966724931024,2
-0.20939490622131515,0.28857372701849254,2
-0.3722330874486451,-0.06528992323205585,2
-0.06587549462613963,0.2530134151365915,2
0.007432573686317949,-0.025990075893848028,2
-0.2691710935624885,0.006843507126529147,2
0.412456641478833,-0.47007982914883034,2
-0.28454630130349823,0.19299080046589334,2
0.0639476945100735,-0.27547479187602614,2
-0.03172931897649893,-0.20632648265593764,2
-0.10854476918607507,-0.1111110260240804,2
0.31681206696094755,0.14580863538434938,1
0.7854180923905345,-0.45360158767020525,2
0.022817016361307802,-0.09924008434926124,2
0.443823135896411,0.21972289787019142,1
0.09279332177117541,0.005348809708522873,2
0.5715200802584889,-0.33809918368279446,2
0.0035685070064963983,-0.016932093534011403,2
0.34992117957707325,0.7093652294175704,1
0.7464840294727715,-0.11289203223096926,1
0.152412084582571,-0.23484899690251548,2
0.06088975640764784,-5.3702758991026395e-05,2
-0.02844522914533898,0.33246802187358626,2
0.6501679959688995,-0.10118070475824704,1
-0.16945252662890475,0.09748465271371914,2
-0.022891744674475748,-0.019834687259597656,2
0.8324992049282506,-0.296322074084535,1
-0.4770690226231344,0.3895813530027064,2
0.011846687512102279,0.009919383020531065,2
0.1384161883712909,0.5554288322461685,1
0.5420154038028607,-0.12682730670098352,1
0.03762529793995308,0.04447046822107587,2
-0.7936446160228957,-0.32686193800552715,2
-0.2034185525028204,-0.530602276523807,2
-0.16678618503342427,0.40140684717402086,2
0.09195837582907013,0.3933363371148734,1
0.19201520843022174,-0.7469492194095515,2
-0.2964708653740276,0.9434158987749208,1
0.5236720054173386,0.5746963216447117,1
-0.08833827299452263,-0.960281230926385,2
0.8961194882815194,-0.3054244917926417,1
0.4436367991777122,-0.41941193773339075,2
-0.6686306253424779,0.5380627131256368,2
0.30577163952584524,-0.46956763062680545,2
0.6647173565268986,-0.22783890944805482,1
0.1830634988010881,0.04862978949748915,2
-0.2820253833251683,-0.30822853730507505,2
-0.045546665863534876,-0.2111716493903053,2
-0.5666313015766676,0.4875757781243747,2
0.17871428687836538,-0.44079978884870646,2
-0.8911604835969974,0.38555141173151847,2
-0.38756808347284744,0.6198770933797352,2
0.4280679758106355,-0.28674662973527626,2
0.23200500064367516,-0.5725777672782403,2
0.015159201503439152,-0.053703912524629346,2
0.446089449286277,-0.7662069646484289,2
0.13076613011821858,-0.9754331909464989,2
0.033143879268792024,0.083416231096047,2
-0.7843241062130448,-0.1212278795212367,2
0.0536178142640806,-0.004608307422703213,2
0.2462536995237902,0.30990285934650774,1
-0.49178721270142306,-0.07403433002007029,2
0.23542835652747743,-0.3144550685699532,2
-0.039118378400318864,-0.009068146354988255,2
-0.9022537298595279,0.04945073141386697,2
-0.6629121355160348,0.679853793081428,2
-0.3163583102804141,-0.6128633447360377,2
-0.010740768666956314,-0.0005415762486900645,2
0.1636290885753264,-0.13064891729442682,2
-0.29622752097648414,0.4667574679418492,2
-0.560312368932733,0.6981345595638845,2
-0.44430674244473856,-0.3245747863163735,2
0.7190175565577728,0.5816059566189673,1
0.6720789374545402,-0.2939237409891242,1
0.10513744395768106,-0.4966385037631123,2
0.015174383597701964,-0.8385983744955636,2
-0.28855334133679866,-0.08837416271914968,2
0.34387300999483966,-0.17193244807043215,2
0.014816727960909892,-0.02798136129839194,2
0.1936663073899605,-0.8629413489199479,2
0.26958506197233034,0.1651175856170657,1
-0.6961667538301164,0.05545359114463815,2
0.5839897844823102,-0.3907027684495651,2
-0.49815504256354626,0.41462078514877754,2
-0.2146586871967296,-0.8762407203090353,2
0.26240849982292236,0.21651762480056588,1
-0.029664545876349833,-0.006839599246942257,2
-0.15778213096986077,0.31028649933116187,2
0.5374225968288998,-0.7928504767350141,2
0.2072393096228703,-0.43790607705944223,2
0.31438875052801046,-0.3820882305756714,2
0.93562527700957,-0.03426967947761663,1
0.3424964087770923,-0.7658290179919862,2
-0.37334979342999147,-0.4007183629906381,2
0.10355291260780053,0.37609823965153305,1
0.1276813052794745,0.2746302671079015,1
-0.37048654584571816,0.13392213352966956,2
0.28959830879565646,-0.30573184240371976,2
0.40031304363992815,0.025568421284324315,1
-0.04051343635940583,0.027016675089939216,2
0.2999073106116632,-0.5224188133881735,2
0.2588598688066765,0.31752132374658076,1
0.17383354098754233,-0.7840881763026949,2
0.0630050153710428,-0.18894161174890314,2
0.31385814156218333,0.44514478983031874,1
-0.30713887712244586,-0.12926213338175696,2
-0.054109071251297054,0.026281553972960767,2
-0.09730710408751461,0.08355889095372553,2
-0.22228939564233804,-0.8583869079679972,2
-0.1049821873244721,-0.6798497604280562,2
0.07957627570627146,-0.30116975928869194,2
-0.2765333167122744,0.919139650711495,1
-0.22265896081554393,0.2659754085670269,2
-0.25497372017061126,0.025652584745867315,2
0.30672485766749347,0.08931268868833125,1
0.3679462435281803,-0.026481958252994577,2
0.446239221410121,0.31880582783943984,1
0.18600415408393609,0.25953729918520524,1
0.5548815220302551,0.8228192617295335,1
0.1848338609681318,0.6488263864637341,1
-0.05803673820041722,0.03681929895876161,2
-0.18092304504635986,0.4678955913869054,2
0.03228194463616452,-0.1340670650906069,2
-0.0018213333175275247,-0.27729149198882164,2
-0.8163687290961752,-0.21762862676492264,2
0.14645151729719302,-0.06535124647334495,2
0.738057252660681,-0.032678370649255994,1
-0.047738502275824976,-0.35625003365400454,2
-0.35377306541133857,-0.28773789750395096,2
-0.0252728095892455,-0.9866417121789547,2
0.4245420628477178,0.8893699456084797,1
-0.1692312556654719,0.46766321368164837,2
0.24001654954297477,0.3005214227981356,1
0.38749444232951696,0.030054224231345295,1
0.2012937860564171,-0.5492571322745904,2
0.2648902739082945,0.826744823455926,1
0.05921627868215392,0.17972558643139858,2
0.4178437591481886,-0.04525724250518374,1
-0.044622535196806985,0.3867859155435004,2
0.07928635864172247,0.9723140855119183,1
0.4174361996263139,-0.15181970316561832,2
0.5356847560289665,-0.5117167529025934,2
0.03830139066317185,-0.8113728221123089,2
0.7282118093645471,-0.1562502449752532,1
0.8492436149356184,0.05481029590988498,1
0.2705963036778129,0.7062150735347089,1
0.2372079824237443,0.12293188190007702,1
-0.0025453881106316805,-0.014221016021776734,2
0.8738438496122014,0.2579780254269491,1
-0.6598889297416202,-0.6199533444306717,2
0.05479201299218481,0.11219357568457712,2
-0.2346665565977241,-0.022319559790928572,2
-0.06937641358949086,-0.10511521661831828,2
-0.2199440063625002,0.006880324376387531,2
0.040257813207279614,-0.001738245931222124,2
-0.17736415070860306,-0.3433146468415387,2
0.2599779346035809,0.7694760128126552,1
-0.5825100918160643,-0.7052371672851366,2
0.24630106533959004,0.7905402767811731,1
0.5680552682808168,0.12214078663290888,1
-0.08691103826169749,0.594237148131126,1
0.27295509547150065,0.5571627620767111,1
0.4385129767665526,-0.1446692784616373,2
-0.07870305323673525,0.4516056273700255,1
0.08769921031825637,0.1411167104265303,2
0.02634193222547228,-0.13265594751371557,2
-0.787477022435552,0.3276964821183509,2
-0.24775211311348788,-0.3513469692139077,2
-0.09831881506643965,-0.25226701159648973,2
0.3844878400148968,-0.19988551205715224,2
-0.4483002666251726,-0.40324659919228706,2
-0.034908675978827214,0.08696706703614565,2
-0.7836793463483164,-0.055243110800351915,2
-0.6344264153986641,0.4824439887553632,2
-0.08586721461204025,0.1518109263694895,2
0.60104342491977,-0.7580911015377002,2
-0.007555909805295665,-0.020673167906079,2
0.26332192471939997,0.3988235627384452,1
-0.4709305132017526,0.0065148548914948775,2
-0.5698924529045203,0.31295466868699007,2
0.0384752390142918,0.042784409702927566,2
0.051316471876278524,0.0036016017893705315,2
0.17985142418750172,-0.6063680305847676,2
-0.9127792892259705,-0.025809919840130854,2
0.44324330172901316,-0.8074853228807386,2
-0.1451972820990216,0.9862124652916382,1
0.0856777789043381,0.02981610612945446,2
0.6588774360511486,-0.6188414910464504,2
0.32341425013351954,0.5599174959083147,1
0.7035910096274414,0.06207673432607723,1
0.30295968029617004,-0.8704316137902828,2
-0.09679904370845567,-0.8391342795368878,2
0.7912544419638502,-0.11062445216587537,1
0.25408556000369326,-0.05810734322210225,2
0.8834524692339959,0.3192886663960999,1
-0.8118352648927104,-0.183920060019898,2
0.05824147793960291,-0.021552378300995427,2
-0.18992155683598932,0.3270809195859757,2
-0.0558614451641315,0.09716796779262268,2
0.19271356369603238,0.3916119790458038,1
-0.3701120998078701,-0.40791881134371194,2
0.6949048678585575,-0.4766242677698305,2
0.0830507349005703,0.2413758286018378,2
0.6103161550084404,-0.6303259155307315,2
-0.5288546143862082,-0.11479503857602726,2
-0.03174548274499237,0.5270515790666751,1
0.6402758257038967,0.11792972681844378,1
-0.04311057107889776,-0.051158612539492845,2
-0.25337405577716043,0.13530777824271997,2
-0.6827009181402317,0.31467698112230785,2
0.5553514826936649,-0.12245231918535839,1
-0.4894143404755014,-0.6073842682972573,2
0.4218735827684037,-0.43080422891117126,2
0.5379933583549977,-0.10241610939897192,1
-0.13584255540072962,0.05744560941202243,2
-0.32985979578054614,-0.15329045937903493,2
0.539217720972107,-0.6024604372896329,2
-0.7938912093462415,0.35114202626972524,2
-0.40551494043466074,0.4235036979562545,2
0.4210999783554391,-0.6833306695390126,2
0.8863809687196362,0.21969061178025406,1
-0.9984080735125151,-0.00603405550708959,2
-0.8924821822836894,-0.0762891615869363,2
-0.09382900386850915,0.8580857555328689,1
-0.026256791435384886,0.6070109637130132,1
0.540446394227183,0.41943008607765453,1
-0.10878793921230721,0.24206622057257612,2
0.346106718633584,-0.3216292045039838,2
0.5604538944079926,-0.7973118388434204,2
0.13014439934809802,-0.17720957546644053,2
-0.020716508702532253,0.3382325156162132,2
0.24838946675334928,-0.07455767447883231,2
-0.48059809213101196,-0.7055759161002263,2
0.023195352594816213,0.32614592523799846,2
-0.8397394503754821,-0.46588479597130034,2
-0.06331718057259729,-0.30074898131222183,2
0.3871905753140232,-0.5968437262922321,2
0.06170987640966776,-0.12161799338646927,2
0.12460007515618492,0.6538949913792941,1
-0.24260811605135413,-0.15034368344530658,2
-0.4414915744391417,0.36787300353490887,2
0.32005472836762133,0.8642227027022351,1
-0.6154019547236278,-0.753879262060317,2
0.14631371500348161,-0.10566392565390191,2
0.34345679378946725,0.3525840890401013,1
0.12161765101059209,-0.20587124647745395,2
0.6659143282786503,0.40982679079671475,1
0.894581863104115,0.2362047428237876,1
0.02212550061661334,0.024280641957586634,2
0.3044186983014382,0.14433078919217876,1
0.4445718917898744,-0.7050681527871488,2
0.7783148111583147,-0.43287411688844374,2
-0.7602015643638951,0.5113365747495447,2
0.07534360447794455,-0.20071785346796697,2
0.286840276725713,0.0859422860959656,1
-0.14057562178715946,0.14274911312396285,2
-0.3300334002930448,0.17073835131984097,2
0.6304186623884385,-0.15504425167290542,1
0.8704402027237319,0.20687480246214954,1
0.3364444163301911,-0.06571122877233135,2
0.45950580032340443,0.2637745128439794,1
0.2130988297424354,-0.15852040378287277,2
-0.7209288893419208,0.5697383724162177,2
0.02692133809227284,-0.49156750396183246,2
0.5569739651412051,-0.3799334587774928,2
0.2636276877872694,0.22639072976703978,1
0.8611148602900494,0.35183789502736823,1
-0.3328323193704386,0.6895378173508855,1
0.5201378085663972,-0.2174644529331977,2
0.4129060484751061,0.05544033602041967,1
0.07658720247227845,-0.10648418447361976,2
0.30482027895792935,-0.08264597770727439,2
-0.2831968167602996,0.09439899157369172,2
0.4372317378131796,-0.6306445078612468,2
0.01776901758092969,-0.01910179622017535,2
-0.16463447476465062,-0.025733797461986282,2
-0.05431502978337765,0.4472468773449258,1
0.3861064267138843,-0.37451962902521174,2
0.09370563799653707,0.05737128236108068,2
-0.13138285539225772,0.2659161247535986,2
-0.020658705973439783,0.06165502625007801,2
0.2546604310230261,-0.06117318474534964,2
0.11155540320568859,-0.22206359162906028,2
0.6251745311651367,0.37327307938468707,1
-0.5719044000481487,0.40832809582542073,2
-0.637738152022949,0.5257238030469014,2
0.17248249380327021,-0.12446932077458205,2
-0.8539227836224366,-0.25218718529492434,2
0.03454500995107427,-0.6599835142606977,2
-0.3035276714906893,-0.17677630859372026,2
-0.3031080173054328,0.24216462657404975,2
0.2809809661159306,-0.16856205515184428,2
-0.6465879744944719,0.7360482588836795,2
0.05805218679972016,0.09160411383682325,2
0.5713511881050134,-0.10189036593156897,1
-0.019903014150358462,-0.4332329108134462,2
0.2868605859836612,-0.2642115035914086,2
-0.3880313085074216,-0.13884348397193155,2
0.20631957408942644,0.9305516929307758,1
0.739486419747403,-0.4376122091051608,2
-0.5672226360208158,-0.09573966398837147,2
-0.3013972396967449,0.07323948307849575,2
0.22408625912869262,-0.7652294567089446,2
0.0686188232734809,0.4013003368549709,1
0.3082519569512942,-0.529737791264537,2
-0.16554414001654483,-0.32224261620466754,2
-0.2706009959929748,-0.16337115048459314,2
-0.09598654252283184,-0.5849391330917286,2
-0.0339609969506302,0.10919016560486049,2
0.047266739158333286,0.3356470535893822,1
0.3801415482337472,-0.15241143644696906,2
0.13031204194793747,0.234168080777854,1
-0.014945963360167323,-0.17877736969192232,2
0.24915802554346939,0.8612670022513215,1
0.028548343924530026,0.10312860804090845,2
0.6579819025445138,0.6936279520616858,1
0.47922518730016034,-0.8281682374279553,2
0.1702249995252459,0.22239621762819098,1
-0.3003876927960631,0.07478793922841745,2
-0.5676661466661307,-0.2482579855842419,2
-0.07813413799718444,0.25709827516530764,2
0.1210729736912441,-0.14703763718032642,2
0.7471052914469739,-0.6614686849387713,2
-0.011643434370782036,-0.2322208811757328,2
-0.041510625883301136,0.4973775986028965,1
-0.045309777497798284,-0.25409658218643993,2
0.6478817499578439,0.27843923404492193,1
0.11859228769993482,0.25302315061532654,1
-0.11347664497439158,-0.6284893125432514,2
0.4507485869936044,0.6276800355765858,1
0.3890670641798002,-0.7046495477180157,2
-0.08892604818895825,-0.13898084614122616,2
0.022438669482472102,0.09644851888702345,2
0.308652897725902,0.28911045364562804,1
0.1520794788442269,0.10326310563398614,2
0.32472119221873386,0.889414638929672,1
-0.4395029862409885,-0.4428587593996212,2
0.05585554755083857,0.6904758466163288,1
-0.18952139009968208,0.907832627653925,1
-0.33898430423822645,0.7346368968778134,1
0.01889724693651644,-0.5514706437985737,2
